SR Tendulkar 
India
1989
2013
200
329
33
15921
248
53.78
51
68
14
RT Ponting 
Australia
1995
2012
168
287
29
13378
257
51.85
41
62
17
JH Kallis 
South Africa
1995
2013
166
280
40
13289
224
55.37
45
58
16
R Dravid 
India
1996
2012
164
286
32
13288
270
52.31
36
63
8
AN Cook 
England
2006
2018
161
291
16
12472
294
45.35
33
57
9
KC Sangakkara 
Sri Lanka
2000
2015
134
233
17
12400
319
57.4
38
52
11
BC Lara 
West Indies
1990
2006
131
232
6
11953
400
52.88
34
48
17
S Chanderpaul 
West Indies
1994
2015
164
280
49
11867
203
51.37
30
66
15
DPMD Jayawardene 
Sri Lanka
1997
2014
149
252
15
11814
374
49.84
34
50
15
AR Border 
Australia
1978
1994
156
265
44
11174
205
50.56
27
63
11
SR Waugh 
Australia
1985
2004
168
260
46
10927
200
51.06
32
50
22
JE Root 
England
2012
2022
124
228
18
10504
254
50.01
28
54
11
SM Gavaskar 
India
1971
1987
125
214
16
10122
236
51.12
34
45
12
Younis Khan 
Pakistan
2000
2017
118
213
19
10099
313
52.05
34
33
19
HM Amla 
South Africa
2004
2019
124
215
16
9282
311
46.64
28
41
13
GC Smith 
South Africa
2002
2014
117
205
13
9265
277
48.25
27
38
11
GA Gooch 
England
1975
1995
118
215
6
8900
333
42.58
20
46
13
Javed Miandad 
Pakistan
1976
1993
124
189
21
8832
280
52.57
23
43
6
Inzamam-ul-Haq 
Pakistan
1992
2007
120
200
22
8830
329
49.6
25
46
15
VVS Laxman 
India
1996
2012
134
225
34
8781
281
45.97
17
56
14
AB de Villiers 
South Africa
2004
2018
114
191
18
8765
278
50.66
22
46
8
MJ Clarke 
Australia
2004
2015
115
198
22
8643
329
49.1
28
27
9
ML Hayden 
Australia
1994
2009
103
184
14
8625
380
50.73
30
29
14
V Sehwag 
India
2001
2013
104
180
6
8586
319
49.34
23
32
16
IVA Richards 
West Indies
1974
1991
121
182
12
8540
291
50.23
24
45
10
AJ Stewart 
England
1990
2003
133
235
21
8463
190
39.54
15
45
14
DI Gower 
England
1978
1992
117
204
18
8231
215
44.25
18
39
7
KP Pietersen 
England
2005
2014
104
181
8
8181
227
47.28
23
35
10
SPD Smith 
Australia
2010
2022
87
154
18
8161
239
60
28
36
7
G Boycott 
England
1964
1982
108
193
23
8114
246
47.72
22
42
10
V Kohli 
India
2011
2022
102
173
10
8074
254
49.53
27
28
14
GS Sobers 
West Indies
1954
1974
93
160
21
8032
365
57.78
26
30
12
ME Waugh 
Australia
1991
2002
128
209
17
8029
153
41.81
20
47
19
DA Warner 
Australia
2011
2022
96
176
8
7817
335
46.52
24
34
11
MA Atherton 
England
1989
2001
115
212
7
7728
185
37.69
16
46
20
IR Bell 
England
2004
2015
118
205
24
7727
235
42.69
22
46
14
JL Langer 
Australia
1993
2007
105
182
12
7696
250
45.27
23
30
11
LRPL Taylor 
Newzealand
2007
2022
112
196
24
7683
290
44.66
19
35
14
MC Cowdrey 
England
1954
1975
114
188
15
7624
182
44.06
22
38
9
CG Greenidge 
West Indies
1974
1991
108
185
16
7558
226
44.72
19
34
11
Mohammad Yousuf 
Pakistan
1998
2010
90
156
12
7530
223
52.29
24
33
11
MA Taylor 
Australia
1989
1999
104
186
13
7525
334
43.49
19
40
5
CH Lloyd 
West Indies
1966
1985
110
175
14
7515
242
46.67
19
39
4
DL Haynes 
West Indies
1978
1994
116
202
25
7487
184
42.29
18
39
10
DC Boon 
Australia
1984
1996
107
190
20
7422
200
43.65
21
32
16
KS Williamson 
Newzealand
2010
2022
88
154
14
7368
251
52.62
24
33
9
G Kirsten 
South Africa
1993
2004
101
176
15
7289
275
45.27
21
34
13
WR Hammond 
England
1927
1947
85
140
16
7249
336
58.45
22
24
4
CH Gayle 
West Indies
2000
2014
103
182
11
7214
333
42.18
15
37
15
SC Ganguly 
India
1996
2008
113
188
17
7212
239
42.17
16
35
13
SP Fleming 
Newzealand
1994
2008
111
189
10
7172
274
40.06
9
46
16
GS Chappell 
Australia
1970
1984
87
151
19
7110
247
53.86
24
31
12
AJ Strauss 
England
2004
2012
100
178
6
7037
177
40.91
21
27
15
Azhar Ali 
Pakistan
2010
2022
95
176
11
7030
302
42.6
19
35
18
DG Bradman 
Australia
1928
1948
52
80
10
6996
334
99.94
29
13
7
ST Jayasuriya 
Sri Lanka
1991
2007
110
188
14
6973
340
40.07
14
31
15
L Hutton 
England
1937
1955
79
138
15
6971
364
56.67
19
33
5
AD Mathews 
Sri Lanka
2009
2022
100
178
24
6953
200
45.14
13
38
4
DB Vengsarkar 
India
1976
1992
116
185
22
6868
166
42.13
17
35
15
KF Barrington 
England
1955
1968
82
131
15
6806
256
58.67
20
35
5
CA Pujara 
India
2010
2022
96
164
9
6792
206
43.81
18
33
11
GP Thorpe 
England
1993
2005
100
179
28
6744
200
44.66
16
39
12
BB McCullum 
Newzealand
2004
2016
101
176
9
6453
302
38.64
12
31
14
PA de Silva 
Sri Lanka
1984
2002
93
159
11
6361
267
42.97
20
22
7
MEK Hussey 
Australia
2005
2013
79
137
16
6235
195
51.52
19
29
12
RB Kanhai 
West Indies
1957
1974
79
137
6
6227
256
47.53
15
28
7
M Azharuddin 
India
1984
2000
99
147
9
6215
199
45.03
22
21
5
HH Gibbs 
South Africa
1996
2008
90
154
7
6167
228
41.95
14
26
11
RN Harvey 
Australia
1948
1963
79
137
10
6149
205
48.41
21
24
7
GR Viswanath 
India
1969
1983
91
155
10
6080
222
41.93
14
35
10
FDM Karunaratne 
Sri Lanka
2012
2022
82
158
6
6023
244
39.62
14
31
12
RB Richardson 
West Indies
1983
1995
86
146
12
5949
194
44.39
16
27
8
RR Sarwan 
West Indies
2000
2011
87
154
8
5842
291
40.01
15
31
12
ME Trescothick 
England
2000
2006
76
143
10
5825
219
43.79
14
29
12
DCS Compton 
England
1937
1957
78
131
15
5807
278
50.06
17
28
10
Saleem Malik 
Pakistan
1982
1999
103
154
22
5768
237
43.69
15
29
12
N Hussain 
England
1990
2004
96
171
16
5764
207
37.18
14
33
14
CL Hooper 
West Indies
1987
2002
102
173
15
5762
233
36.46
13
27
13
MP Vaughan 
England
1999
2008
82
147
9
5719
197
41.44
18
18
9
AC Gilchrist 
Australia
1999
2008
96
137
20
5570
204
47.6
17
26
14
MV Boucher 
South Africa
1997
2012
147
206
24
5515
125
30.3
5
35
17
MS Atapattu 
Sri Lanka
1990
2007
90
156
15
5502
249
39.02
16
17
22
TM Dilshan 
Sri Lanka
1999
2013
87
145
11
5492
193
40.98
16
23
14
JM Bairstow 
England
2012
2022
89
159
11
5482
167
37.04
12
23
16
TT Samaraweera 
Sri Lanka
2001
2013
81
132
20
5462
231
48.76
14
30
11
MD Crowe 
Newzealand
1982
1995
77
131
11
5444
299
45.36
17
18
9
BA Stokes 
England
2013
2022
86
156
6
5429
258
36.19
12
28
13
JB Hobbs 
England
1908
1930
61
102
7
5410
211
56.94
15
28
4
KD Walters 
Australia
1965
1981
74
125
14
5357
250
48.26
15
33
4
IM Chappell 
Australia
1964
1980
75
136
10
5345
196
42.42
14
26
11
JG Wright 
Newzealand
1978
1993
82
148
7
5334
185
37.82
12
23
7
MJ Slater 
Australia
1993
2001
74
131
7
5312
219
42.83
14
21
9
N Kapil Dev 
India
1978
1994
131
184
15
5248
163
31.05
8
27
16
Mushfiqur Rahim 
Bangladesh
2005
2022
82
151
13
5235
219
37.93
9
25
12
WM Lawry 
Australia
1961
1971
67
123
12
5234
210
47.15
13
27
6
Misbah-ul-Haq 
Pakistan
2001
2017
75
132
20
5222
161
46.62
10
39
9
IT Botham 
England
1977
1992
102
161
6
5200
208
33.54
14
22
14
JH Edrich 
England
1963
1976
77
127
9
5138
310
43.54
12
24
6
A Ranatunga 
Sri Lanka
1982
2000
93
155
12
5105
135
35.69
4
38
12
Tamim Iqbal 
Bangladesh
2008
2022
69
132
2
5082
206
39.09
10
31
11
Zaheer Abbas 
Pakistan
1969
1985
78
124
11
5062
274
44.79
12
20
10